7000
604966 128360
875214 249506
706585 764267
118375 495518
95798 793182
671266 429509
584711 207414
528152 907614
60454 170502
419223 914011
560264 802255
367208 64449
146042 842289
394423 742413
511903 742603
966710 202397
227080 319794
29726 116150
397159 893912
763904 890957
695958 21091
822011 874556
680017 196333
513594 382448
557660 602591
362446 973917
747484 8601
962583 140529
908005 461104
472368 787566
373604 944133
654250 452827
19265 674489
411028 126709
795934 800299
175033 904976
30375 51340
734759 650397
85714 799138
854991 254727
581449 15235
873155 576162
201743 712970
223514 266419
376764 172276
472111 122642
247066 253343
585763 929167
896365 696007
469960 182228
884411 183125
430855 426224
264098 714406
207931 796587
797428 108211
284776 625311
632173 679622
574223 756664
755948 128255
463837 613592
797202 552740
195528 524471
663259 830365
296693 918092
673697 622985
363551 735044
63137 35373
973864 635099
953836 187289
284505 688732
93073 239485
775861 307208
132150 324417
804050 380692
720434 426003
88161 139814
584771 704800
28829 336121
470292 802132
702361 824273
108587 691641
869615 997415
529647 976472
257221 273361
127491 483993
409662 432446
714036 711369
382812 648641
723511 568777
424842 721270
752352 267632
441486 696173
174565 139496
401567 865224
161273 394343
752397 514004
678689 360309
838672 401702
27123 510657
557269 548665
366565 273259
204261 522933
80993 15718
276890 928410
362669 974582
488516 172123
213656 980814
42596 537490
275682 762399
273906 707778
178101 490709
440717 54837
447517 249131
930100 163778
941806 263498
209736 898630
264210 424880
57802 810949
593257 766109
73460 650875
634881 397780
570939 896815
248170 788532
379170 148602
421695 740756
806117 625118
977147 820862
707655 360520
229878 568503
73487 78154
151470 250491
154788 87103
359319 193329
515047 850713
294142 566479
939896 480178
276161 436276
345669 17342
64379 878267
414067 867948
316930 688594
428757 777246
88616 993036
935164 203374
969588 678397
984156 275856
163765 700679
978716 564095
842057 985776
345188 128270
881233 725164
769683 963557
47562 1491
704293 662075
771750 733496
80368 520437
957567 960033
236850 931132
113355 831082
614538 390444
936398 154610
175349 139968
184977 683978
200600 289330
966836 704073
551857 86011
605752 496654
42728 7000
377844 405903
995087 260111
329930 940395
328339 621589
640809 654310
120455 637580
822214 912595
169229 384802
754261 51441
20597 22930
403036 11585
326322 702917
807418 50995
433155 891513
628053 293922
613587 896923
344675 897130
745693 482819
882402 664566
150605 84990
979122 321244
311389 52044
108451 783010
421779 40146
244763 155908
628755 849685
317314 58350
914490 41814
878289 795135
480344 687515
919091 199887
662839 404550
354633 876371
34373 258968
956905 506637
439046 859784
366939 703116
503800 434609
168674 393893
215576 588600
991680 750270
757 458944
180683 381002
223355 989310
563874 573306
309052 685330
484421 494265
839028 216278
992959 917831
914212 648535
759158 690576
311059 98146
531493 435586
358547 618772
130533 312881
510509 373126
373553 883036
852379 821604
540492 89414
397351 463106
573924 484749
301959 779283
56442 467420
780055 190796
817081 232098
414698 305573
725447 77455
415632 820136
308356 224285
557407 273068
937164 383281
56934 175537
869088 537726
200679 462736
922514 180825
920605 481955
98934 134725
247971 803
556531 977670
360666 438706
663045 919430
220843 777556
750250 18743
570460 412743
411324 344249
472663 832135
18591 543151
754906 655226
411638 559079
832055 558241
631471 138846
418912 473588
483673 822656
900215 109805
372879 459653
705765 297107
485084 63648
626444 347356
141361 980811
89883 696436
792140 197698
8243 254211
499530 764148
127509 914301
176898 171335
768696 453187
468980 137934
813909 641108
514362 176087
932235 998700
218190 812589
399143 361347
34535 158482
884874 556940
303367 352121
80339 613889
852775 207965
522192 434483
668859 472574
470580 794426
669214 396313
611976 261811
976900 982490
776190 617939
31363 409926
381168 326890
42423 541570
800117 698528
658227 683572
320312 488264
737803 135684
767335 613686
55312 694657
747181 826266
983205 539763
963773 785676
364599 897596
157506 364508
237747 213200
688345 875652
827960 222009
146323 872469
553755 192976
824137 36320
353379 464795
418209 580286
305802 992696
9407 970008
863639 980150
191977 561112
229248 516598
240732 404529
620569 131632
63313 404445
735658 698958
915441 133542
93662 106142
509887 147467
23791 98425
848561 796412
637884 338003
886987 26296
219119 573057
802578 334064
949228 999676
1569 367769
371235 991558
104740 942221
435413 836132
467774 118187
258295 904518
248321 817956
560180 259848
248081 713193
777779 70064
205057 382890
224147 671173
603220 113679
450000 855650
561873 2258
884171 753003
208964 807537
707192 908778
927347 295668
992216 797084
223608 504213
96500 353872
265159 7797
597187 246771
300880 952070
343340 393555
731421 160251
877389 744381
51119 360091
47238 969646
361806 522458
594033 905839
726064 435012
608738 553658
71328 316393
367672 424612
298407 33159
191187 519299
115919 843811
830669 435874
412620 163769
899726 472424
279356 870972
370487 631347
550818 339801
514110 719936
531022 190731
44203 118357
29517 17726
82525 502565
89533 259992
242410 586515
57343 964787
605617 420607
552193 672956
210942 883481
708120 93658
456516 623827
165936 158272
858971 940949
172810 220567
214406 85557
338319 121702
330051 501044
723090 955184
549913 198019
57767 519286
81681 246692
892594 93425
707413 689338
622050 909360
903455 645273
775335 847030
22666 313425
986221 378104
568800 159021
975296 643357
208824 704371
980604 901851
445799 826868
127417 142254
797633 739420
860233 180798
391569 705299
602037 392798
423710 900418
773549 878873
625477 159080
261868 788553
557478 569514
102154 949839
434384 359269
67072 632940
818393 632061
727427 398377
478957 218056
856047 834853
501787 914276
581288 425423
310936 527685
863775 226805
521141 558350
385671 932556
601726 966106
538048 810557
990732 20028
631549 862905
821371 385506
820231 707080
290166 386608
314975 640961
851544 989734
663912 167970
443806 790122
736381 944917
122609 569983
938690 394793
185872 602752
23886 505060
426919 493028
34825 900881
890300 702831
642139 68882
153787 248069
746900 326827
769167 168760
310650 302974
676752 301827
661022 821610
85898 845523
748933 952180
226150 282939
14022 635350
689256 550903
621796 44533
275469 418505
843045 501115
374178 923430
625534 686487
670667 345777
260994 66878
463490 234554
198175 108538
529992 593827
391661 159242
184143 95367
334191 733271
901041 213609
343387 912617
648726 828852
493286 401811
123179 667723
866972 502910
153578 551342
803545 200965
662194 726504
829224 471197
451602 245818
394604 508982
177448 973058
364948 546682
553985 812377
506567 324641
397192 289267
719790 564584
921163 279574
927989 889961
302487 159304
561153 65679
58833 530084
847613 893435
626165 66156
70272 901602
440617 267670
894994 74436
50126 346980
532506 344652
368786 441862
62018 122089
236333 423013
909243 223816
106140 887385
846245 570358
459332 765725
65170 902576
371253 89532
888368 574844
769349 739430
172477 378019
277014 709952
602193 244860
645884 640246
656281 415660
285744 31179
176844 319318
412676 508364
265852 72599
830429 922733
556675 134545
993956 376171
976684 732566
129458 438505
89439 758342
706465 36569
135087 479907
222441 106147
483263 176888
646981 992691
15348 549013
309803 353411
438341 907388
701226 301763
216702 286278
836126 956275
162351 979691
280746 222786
359562 61581
536950 158324
838388 586970
441714 124750
366734 36051
489272 791367
213963 678320
159921 57607
102076 715146
488628 903515
572963 682213
285128 531026
149137 584449
380994 521433
44167 533253
973934 698519
726761 563009
223613 257244
360913 312534
28267 74375
215165 370656
226601 641546
588166 941208
970293 696398
799011 366598
192427 673156
864913 424064
578791 181709
101052 896429
652064 916583
473062 962966
386532 99834
159861 636561
854866 77231
411965 541183
382643 112450
170836 663254
275115 746547
629122 555320
602713 682247
619313 218911
135956 310892
8890 110584
425282 328499
561645 219027
244277 235863
644778 405417
65769 966727
805981 454222
516367 201568
855579 707983
836404 667688
101372 507600
232894 728533
235733 836998
418276 775690
10158 99285
521636 619546
469715 7571
80094 133716
752777 333697
771382 693493
120283 728953
306802 864411
779233 212723
471417 924280
772094 664650
462434 675111
27729 445604
260095 518899
687620 853916
325079 790164
87880 404416
215242 271316
570114 402418
329099 59146
998924 503395
391230 390833
393139 611553
490797 153375
323845 949766
454004 11666
363127 129881
639107 663762
984666 756426
847357 538562
754035 654620
89558 912561
836230 111466
990522 81041
815874 795313
8275 465231
756085 404244
605953 741150
343918 453576
51149 328803
480520 385980
885908 185322
421900 214469
53171 18989
650241 295955
592114 31138
905116 190636
966186 185347
765369 771184
465128 459896
253052 746225
795736 994305
244087 965468
277608 605968
824667 405097
866666 497065
528956 611999
183396 80540
205956 810191
454334 120597
748250 935259
967607 399618
914531 939941
309782 471443
758129 194272
926769 893474
885091 591997
676624 975190
500733 690775
979842 103129
552400 796683
519284 305814
170240 791011
149293 144683
779972 67367
866233 535418
201980 281893
390124 396413
561833 517725
96176 491394
391562 83399
75016 830641
152254 45804
888140 88001
165783 82023
920645 694907
981897 23913
285859 643685
356026 448954
69840 569119
990129 222736
380075 651629
464223 752422
38967 354251
559185 822990
774678 744640
784513 661444
409509 497957
89507 397289
366046 84062
480848 970673
884545 256644
964590 537396
32324 643961
446132 204035
575297 820585
479846 354774
155299 335854
95605 326237
753460 476835
573244 564072
826608 839419
367548 53996
400795 901262
865297 976974
599777 863798
510972 39043
577329 154881
703575 674615
848409 728040
431087 187437
830269 782566
460982 441999
90166 712029
614321 435542
177434 640223
580835 530136
42767 638309
555009 865899
475171 237948
818522 868051
423947 870775
131536 819593
67951 441585
658917 437368
10562 710018
751777 126841
30171 235533
557277 767229
120757 885012
54073 127873
667461 409562
721839 360203
18882 952104
748945 954090
28301 846439
171532 195066
819444 640851
334465 243637
161443 592734
342880 543780
877413 14373
844162 97675
444208 407513
500744 190955
452655 873433
709906 595702
387215 171830
583013 57163
298931 158097
152828 626747
7513 132584
491966 696108
703082 414815
371188 634504
635453 800444
100670 335914
993096 146773
599089 542018
378632 667088
753986 105533
351710 595413
915271 685918
400484 307283
884531 2032
471528 27919
184400 177405
818176 719110
466683 79158
337127 308660
267211 972602
866508 919197
938826 99585
902965 456156
170720 334451
89448 3485
630373 641387
729175 426809
473620 596362
742965 381854
299327 525288
906915 244525
305530 499482
237324 490588
875885 583986
115132 679242
440863 127430
133165 133039
405 686946
462680 974999
594314 39118
23379 733092
752793 412457
457673 435578
539946 471121
141899 437555
116590 994303
212287 572194
349644 311609
352076 357484
104781 941980
726557 499408
312957 737434
473851 95771
696618 50015
253222 496355
419091 973812
496204 313555
522470 844359
484136 189425
445169 948197
166918 30246
786903 375605
211234 619266
546867 489914
37980 734975
76282 953576
733221 274730
641141 718154
588872 428674
821891 842716
73782 594672
42012 714929
107731 522193
59742 270261
2772 821199
169411 307623
474290 403245
767483 888985
326270 799857
511346 168534
416444 770481
220203 244188
30161 923043
648876 34951
306483 96594
300283 453135
500349 162428
782664 891638
784819 278209
679273 195394
176509 756303
499468 519532
976505 940355
406528 180933
689141 959893
950737 492610
135182 646086
160177 514049
740349 418961
811554 268785
145333 118346
258265 727983
393334 106664
214741 320884
401117 211531
779328 249439
866746 227338
905450 127985
925025 206085
233349 346031
48033 601057
55880 728300
806329 645526
501068 500056
543635 628179
688097 489341
130427 282495
746757 410177
573828 933418
782595 440033
697237 684304
883880 507001
66436 695623
676785 111622
659577 364493
771718 391589
482856 925361
561811 58310
360621 4999
306983 793119
992473 639108
566657 543836
451407 280767
319252 891342
777916 904531
772296 6526
437200 285505
360895 466686
618849 89177
536076 967281
208353 514376
843940 654691
355189 105410
340507 697904
518861 752674
354728 998093
130587 892644
966329 485689
149874 346835
377283 931573
352744 733229
16296 34743
615803 325536
225047 212636
833809 972435
106942 403900
666807 589297
48986 964258
690724 474300
674626 587253
494145 682560
971486 924053
777898 913611
793999 865803
383354 32912
900267 625986
170670 792018
456214 373039
228512 641269
263508 957654
880042 992311
632899 678459
925054 936648
766536 840861
608086 2434
51719 40917
15904 496218
915067 640605
502281 112023
896671 924294
695147 92559
920768 801371
216757 395643
870257 508299
733105 807214
945524 375170
594525 360049
338578 600775
664622 922350
124610 990668
810594 672642
912215 544365
26683 720127
16774 991344
764869 909894
509400 992654
595038 667781
963825 864333
636876 902085
534061 364403
51727 939906
996465 540204
602163 97566
885436 195116
940784 10412
997674 79144
271562 597583
311673 201358
740213 316390
252105 672944
535681 583174
773087 98726
866635 884920
872971 671107
722496 354531
981061 657869
854392 601267
989585 81651
666923 907814
69563 937168
961777 89239
765858 700529
745895 392750
990095 860246
531319 698369
48332 766105
457546 783490
136708 964584
238033 397726
268673 163029
734904 567490
262530 489725
302028 646085
24985 547925
165440 448560
237427 101683
540063 949468
855184 918118
443739 777521
293075 950053
643649 6237
378351 396858
571395 625607
168039 659063
827978 408450
986718 593401
437150 330098
863847 871680
92063 893583
190595 313911
979572 186110
517979 153001
461055 297635
774923 321304
416351 567818
196897 183289
812944 664796
247529 577190
26047 685920
644333 773936
617643 446864
57024 360243
427777 94036
587561 746578
91200 542510
935002 861599
956086 640098
342708 10342
66944 265047
260919 983595
743925 192769
71290 182754
767751 925354
216088 514011
913430 365603
458682 946652
955597 815955
534703 393774
169092 993389
729244 971783
228160 374780
444309 265164
91889 915906
567823 295039
858901 645322
77390 48978
808353 401841
898809 911205
349865 396673
180460 277781
39954 898761
432830 902503
679507 260470
732878 964075
580946 521851
555734 599877
722566 978720
441172 28524
408324 955973
304571 464824
622716 612486
577984 81944
89919 679842
214579 672053
109890 432596
257518 345640
79318 797839
605740 96254
411794 245946
499626 685963
247647 901516
580557 609265
14509 914770
345642 584291
954593 913561
464453 972113
33542 760628
16263 92703
453051 498234
882338 737265
12927 17739
947234 185290
838080 115327
318480 858155
267738 910538
219058 583193
293901 711513
564886 352265
89417 879353
369623 442053
114215 45783
891028 58564
289898 439703
583157 283207
873186 991725
619358 445811
884479 92532
650856 299243
508980 314879
444382 192898
772399 184180
92351 59516
46303 766297
613182 478554
422585 282604
427177 569629
422253 124668
655320 129791
625353 115761
917817 506957
447982 76750
333697 525944
407782 400968
942716 116214
813983 309518
560308 804189
319546 902667
926482 683647
166873 935425
12921 208695
691188 126640
531041 907587
527096 623864
701029 770880
128401 484412
128851 42860
348860 49206
134473 849371
980801 262495
96446 246936
993140 952897
257821 522091
96562 775489
503627 189283
14654 328186
372401 802360
929631 705855
125512 544063
649486 859502
664350 189872
518504 89164
261592 83456
271273 47019
811761 618989
958299 541032
498479 899456
435681 349528
840505 455467
78803 838247
646329 246971
731321 229785
802886 796923
819749 151899
702818 927810
906877 335007
294266 707061
927216 347983
713760 98225
572854 945279
481645 977690
38885 57359
253809 947276
163501 549285
617008 515184
464190 493479
457360 874957
49111 279814
968741 516335
896986 348845
722094 612460
228357 289284
154172 98960
32029 419682
44784 222813
593665 774567
614340 604495
708785 521235
300290 509817
677699 45024
426798 176875
6817 1890
36792 417141
96499 330546
265015 147532
165672 291487
343660 899462
700253 28111
347958 832783
869022 530872
402874 283394
612784 545475
219789 444621
707300 876253
312934 908610
592474 964673
943751 817212
697745 421121
98568 381221
479038 533797
689106 506168
381396 581532
328467 426891
653971 368526
951707 509260
459672 150035
157527 267259
988980 509290
920796 671468
137241 304179
978002 674456
595614 580810
134477 907193
884254 53889
38680 777523
619135 458663
447212 778503
485871 610724
874036 327446
840770 542559
483271 223385
688239 851755
825368 760836
658473 259143
382017 167371
263687 989246
510764 498305
944143 41172
800049 894783
527895 86904
540592 151414
487443 614656
715722 401067
209944 561440
649371 839322
287341 160547
593963 194581
336605 987939
589735 98585
386000 217087
693531 151517
760215 158831
937390 366680
44464 339395
628082 810398
397692 310312
461546 368249
161422 297847
866803 71673
25285 259822
838874 651656
376963 905652
602959 260805
828086 904877
18652 129628
928179 377348
154816 14814
372110 749964
469770 248987
983134 234338
438956 71447
836649 599226
218381 825267
758103 447510
813277 773579
832585 440007
587402 670135
322690 736726
700173 51604
215224 371217
737153 419309
150872 603843
807312 385413
740793 449147
18664 843338
192754 855269
393832 172941
27229 181482
575768 353342
609831 839589
546629 824890
635798 939674
297097 833694
47705 848030
223996 711095
724917 595103
435522 530213
678198 192549
33787 877429
867462 815128
683549 429536
546693 166735
48789 574329
930906 305598
26083 322398
952313 228759
376751 590821
325726 72255
995767 190134
951491 489388
956677 763024
177814 727545
760183 354778
971509 866278
682186 582331
797675 395094
827043 541216
728642 803032
950848 621352
241187 549158
263407 472241
407725 514914
687338 750664
971443 660197
633934 420042
231903 260686
898014 908434
595984 537567
531668 234397
564802 166439
814207 282480
357793 70798
762842 645412
378365 865686
786006 822568
386523 703409
517980 13853
240742 317471
565325 700831
246057 443002
187502 638837
966695 604211
124732 181781
684553 89249
312305 864650
688562 643877
214641 11744
659099 318481
757926 921311
534632 454413
523382 874561
284458 350125
260583 852319
94626 658931
117172 946910
111913 906284
543298 935325
839778 898471
296805 257550
693602 482495
878132 98242
175493 502071
549149 186374
890987 700705
388671 451197
706508 88687
681396 724501
954565 419240
714440 453621
996560 74556
126656 703943
769388 154330
808337 687095
718735 875839
561669 213626
258752 377432
541497 780024
200341 588926
953983 141560
720036 865214
299268 503827
418192 428196
349164 266720
705604 67343
785 776632
154849 168936
577091 214670
308128 944065
102169 754045
904841 302562
514905 779552
665023 414052
187455 921619
179292 667611
807804 608150
405019 564324
816042 888713
823630 753941
539604 385674
679898 264431
384981 71604
236519 777917
250993 468315
940345 327776
629560 567386
532233 179480
934865 793633
298257 852250
164685 733348
888321 963018
555171 767218
549769 605458
595630 94983
280453 842917
564204 306266
941765 625757
294287 523863
361536 201601
834142 57779
910837 931973
889223 449149
784673 945349
732525 631242
296803 376960
675002 869034
99908 659410
185103 136268
40369 166405
346296 806242
301975 511594
978703 808816
437576 279700
440920 550689
557713 600711
162122 522269
156265 378104
28386 100228
235805 867026
366860 28775
362546 919461
671176 173489
353349 926276
789957 715927
182436 469949
220619 167778
724126 705373
811084 163009
992197 720981
95191 842100
440154 889486
252535 804280
716208 589908
671623 180802
92720 30324
414366 847440
408293 181130
468726 413736
347901 875142
658057 509739
865999 822974
334137 207095
565092 338823
168147 397037
916607 24201
154065 281877
427117 611847
553555 428929
72064 933299
40281 362637
405024 254843
523586 320822
558533 132132
372032 213712
545808 484228
332938 711630
473423 24356
442811 217152
69935 625249
717783 964378
49283 391398
221820 548828
537241 478999
926255 797559
758997 140750
191894 765484
188768 233691
851892 525325
840047 574445
565358 197037
329347 962681
648775 533846
72979 976275
527051 273859
207934 589710
45588 447820
157898 386351
887971 521381
211111 600349
989946 171765
259983 358218
1345 272302
266349 265987
458199 198828
644182 881365
209838 531538
702848 932286
331660 129902
896500 317989
831612 633494
356709 722491
714138 229758
354779 548226
257670 837277
100237 101020
294425 988150
84074 167459
159720 145931
98945 619545
169338 903945
148137 955115
94274 511050
183173 744344
853520 658247
964650 621309
302803 689928
37930 950318
937024 338225
383917 610017
844499 925443
828771 415938
552520 518514
129933 556696
992455 925555
912633 946055
630867 504976
782798 689902
540916 376063
703419 222918
849798 526039
574962 924313
450232 971638
945021 304622
520968 736619
988813 703954
521903 738352
990069 608367
160723 414287
986341 513169
899920 576528
978097 356969
321102 441479
881894 980947
850312 862618
81916 986782
767715 817573
549384 154448
586920 878053
249352 798551
430516 590635
157524 536085
41389 972416
936668 661051
532986 4098
225072 647453
653509 33085
553947 784745
330461 325669
135384 973491
228521 634405
320778 925299
716552 861015
725460 432926
849407 967569
495190 594266
383867 101744
841626 382917
674503 452954
868699 483502
928958 170513
752706 921671
311916 414010
245654 937746
926840 579669
263905 245441
208901 797201
110324 177093
647375 502190
715444 727731
585904 965543
107738 844278
208612 162223
260814 228509
103736 929566
826295 917307
449902 290796
620207 617864
621905 579301
681609 52552
332016 53340
168788 965955
861232 893492
843158 6416
521407 284827
494471 782898
575491 583656
636687 913058
671499 386834
348187 738583
517311 688411
168538 865179
320377 10065
197770 763606
251958 739186
913334 404546
729186 128465
543189 721269
738926 589145
448484 585162
920790 550151
437462 627477
593816 721243
564825 629480
949 520790
821969 617988
258056 817059
183687 628175
283601 109333
267469 36911
893703 397214
60848 941281
148412 295681
277238 350616
153190 894653
650246 1901
589038 552549
70014 387076
157025 772951
900931 951487
497157 530426
156347 231047
727151 113076
106705 665414
713305 94631
235128 154806
124303 635544
228024 573628
400966 78757
273051 459360
796078 638992
930823 844911
882460 66085
919920 607374
111940 797914
717039 394358
114511 651315
103190 880008
524733 480905
625473 129109
935828 884251
193816 552449
52205 528997
66550 888172
264593 712149
436954 481939
336905 882669
634346 49957
137305 43366
388126 270302
121977 619839
727431 776357
676247 859696
82330 298849
630172 611936
47378 521542
651301 959186
386691 240998
318955 160551
348917 258335
955435 11190
790089 208144
431657 885904
923806 433396
858330 261155
317274 263953
531267 712952
121150 907913
483264 326047
200396 681118
329303 13954
250640 826346
779106 625492
810551 345856
44813 639253
94089 898110
1253 386199
90753 892991
211238 398599
623051 523772
375771 551251
416346 446761
742713 796828
820359 192218
954271 719557
16211 829897
240065 166808
602075 829156
318238 865828
889794 220662
720261 731223
976147 28962
144818 697248
666585 448953
789997 580662
279980 677466
708768 504620
833351 674681
53543 998387
361089 88645
760534 811238
874869 497195
887681 917039
760132 788707
943723 194359
194716 494114
956508 273543
78383 490881
333672 991863
905077 979919
170358 518596
253603 483501
494944 400755
63835 616411
928686 548331
46953 100006
385971 863653
536885 410470
280969 803268
119237 792366
937975 543850
849083 970256
757395 674822
710487 84745
773874 357646
707079 110428
27559 618147
343267 716765
516949 401622
879866 620348
435068 645736
127101 256391
412959 520395
43426 727271
423817 331136
328696 640612
764015 32599
325532 436143
741065 858625
934580 824095
715125 937498
693154 153417
162236 957828
50471 459670
647833 361928
441200 195804
702614 981131
894726 910328
808659 138706
857289 879885
593002 119552
43396 887056
621335 84343
760349 851305
718979 745895
458051 84795
625767 178704
153706 729793
905053 376578
749121 759323
421411 607234
566382 542580
690505 386529
841733 982386
711564 589222
58716 961901
621749 215716
251106 408133
912622 922212
481239 490764
251031 76157
140264 551968
787790 505474
346855 547731
404537 667820
442800 841596
157250 167296
21277 673189
950217 628539
86981 625149
617291 808467
303423 931823
656805 795922
131413 739101
871597 132098
630571 82096
183690 997441
147716 145477
828767 634718
694482 63231
715953 463888
837924 978035
603760 659078
649352 890517
858527 422638
943767 277682
567171 196164
225797 604657
661613 3566
453892 985693
805885 560811
426517 873625
339166 921082
821033 473381
233821 51755
639762 807921
750387 718080
357228 149207
104422 291066
169613 540450
866263 773854
758555 616182
46695 47571
960383 722121
538416 242248
721443 790996
942076 730439
70241 278066
65608 383548
22926 71454
16316 565200
323630 882881
336368 379982
148959 832394
533568 168310
634579 433822
515703 700922
40537 954679
566687 486732
573722 217110
980189 423689
281873 683684
420966 668037
764452 257748
563413 25647
916733 687249
580294 378510
473563 653465
35590 753276
792465 171265
773684 944892
950117 451381
700063 826711
809502 232587
36627 10942
166702 189106
947939 628007
997899 306050
893305 832992
856946 459085
811469 639004
986296 393768
691226 279923
321337 543794
258122 136427
412749 46997
940750 359670
726003 538975
777154 694840
64249 627343
318777 255989
256750 589323
983069 440492
625075 503581
983007 583708
682019 246919
237186 863101
54909 200739
349675 194827
538648 23994
179122 84463
702493 276472
221512 192530
349424 596322
246218 381136
706786 990058
396092 716221
660952 297502
18247 44537
786030 546901
104426 128037
739027 24273
777054 694068
638143 355067
652202 243935
424798 791935
637246 482638
742082 915192
747529 87233
251640 687614
379196 611160
497786 355435
826029 459700
327198 187476
928747 427906
744125 384862
707108 504839
477670 531514
665565 172840
505492 640588
839804 605726
333780 699564
788846 841171
501976 48335
311531 321926
927858 224710
645317 110581
406928 197720
84522 835671
813079 126298
941956 922383
907667 179447
597649 748650
135426 347538
167360 195903
264884 312548
842500 556703
673080 787828
752334 156244
877752 378086
687320 426786
41353 942981
60467 752902
337875 984733
68461 663561
325930 986846
342908 334133
360052 567419
789591 153182
899549 687088
941337 824591
197063 466227
648549 74078
309009 450404
583306 854864
910866 953626
30002 397245
812956 26730
242706 39607
502375 98370
799374 358091
831851 793376
306564 603114
408034 131510
759065 579242
397763 557084
718535 312224
428083 784756
891703 853528
860388 117078
466960 836268
750823 415751
648500 15550
40794 133022
219499 658506
602667 101288
755245 396788
379195 462756
346154 686489
341892 892695
784532 829116
623733 947574
169437 949637
109114 106804
561135 127464
481575 75280
178269 321506
646610 74207
980407 257697
399069 646800
623390 160003
857501 219639
521339 876429
7906 920578
70162 566798
533132 760008
298373 116440
577236 727329
832369 238735
395504 241082
592727 979557
688052 240036
855090 545314
897599 748444
277194 974127
170887 613541
819682 954047
382081 412608
641062 779374
6967 407224
66835 552020
679893 809562
311235 966599
169593 285311
520399 166398
322069 745460
331981 197175
616953 519144
674289 479413
271296 435223
39826 832189
276871 987448
678903 362018
181379 738982
935923 22089
504466 624679
562107 178747
292703 7718
915635 835904
307810 253845
738653 701716
911806 723934
309685 259307
535357 154766
825924 788856
208699 754135
186100 25522
696940 509427
885491 493973
600192 721560
765256 857244
361177 872657
95528 848145
320385 807688
207901 559890
662971 215779
560395 303228
534018 800814
599662 175840
449996 87427
47913 483960
656693 117832
946408 58595
740951 244687
833915 86424
213730 280061
80898 870628
652383 139358
66579 148969
247603 110730
196510 121147
757912 802805
166628 338360
931602 73517
960432 949999
623701 329138
822336 753087
672270 726604
93319 356870
220470 967822
66665 891664
734561 630514
436622 695631
245389 556684
230364 251478
739838 486165
290403 391679
586474 30892
589891 876726
356163 708353
207658 920244
894058 191758
322956 802662
514419 862825
441934 221362
784607 155649
512858 826750
486321 817389
501972 792764
242906 934233
481646 211419
330510 639634
6847 597914
443129 501510
25488 47947
985177 93163
242989 664918
901640 759406
653366 634020
326791 184139
465624 824427
885793 698914
359166 688233
98539 537421
711036 878388
970998 725495
407185 483528
484247 965917
353766 927220
923070 830724
414304 820062
294713 954129
386351 120329
280244 513309
592898 632470
509237 184684
604410 988344
784940 629462
537375 222996
363179 577528
270867 226875
326585 593830
538647 810557
949563 981936
863133 221764
963933 757096
892143 121495
306473 594612
884934 303026
714344 390260
277549 746181
78680 453623
999575 120239
295103 591067
169469 56192
885445 467024
25189 364636
442640 512384
947504 722960
432019 927465
718996 508858
813660 223809
469453 898519
783854 890345
856318 832897
532191 467587
904219 818666
254609 714723
265411 399393
821661 565187
814602 412016
689156 424482
904936 464854
636832 297068
742186 389381
937043 50668
975191 79748
281653 815827
506811 605150
210229 887871
612918 183271
355569 76802
436849 95470
21217 346501
838125 665835
793191 85270
170440 401235
22804 833390
747866 657644
418559 808608
302416 57466
828129 827672
840227 882909
878145 87404
382636 5257
363426 340655
916793 591361
184860 968875
897488 392354
468464 852424
348835 57459
165332 987742
977576 528349
742127 941301
906025 659271
378988 203578
241013 835088
208521 266440
34131 637528
643187 811970
549599 858922
348586 355733
413511 775968
43374 238697
373473 323927
584577 35804
430174 959048
103673 135927
581281 192523
176785 168817
333421 277896
843778 202060
182701 473372
989368 355644
293869 447357
498201 976221
294698 467975
238223 130717
444686 104010
279108 695213
114647 406615
468358 616978
171690 826742
654729 467211
977438 266307
929074 852172
761315 806593
679942 864229
36596 15256
307572 602625
843665 432588
698655 211910
62346 899612
560589 941344
739682 54501
318658 652009
540574 608858
30236 856752
831227 373871
760274 809698
127574 567073
152949 568718
96609 425977
792161 943943
504538 865140
864184 800888
313408 439978
608339 76646
450357 713369
683381 761154
402041 818939
318301 451260
917096 638756
683723 898755
193868 997086
473948 143590
902426 464701
317027 430196
959792 551459
927745 577519
400384 367751
594872 628036
72286 329099
289655 47408
399153 388960
657264 750759
947842 469308
237008 967148
152006 158357
247230 241984
112827 852996
451857 672074
407576 597074
399368 955747
599246 169490
404885 543306
240898 570481
854144 808203
190012 66245
742931 890074
286732 171843
159139 154778
779036 300422
300457 122091
254323 418957
702869 283056
955308 434850
963093 130652
966718 425732
77529 303315
985159 494444
554678 700322
64054 731427
26368 724758
122686 383487
310789 362942
829477 551640
868893 800676
772755 272001
393137 735860
885841 808944
888288 17104
621774 162973
602568 325246
763089 652417
903281 583201
105986 200343
57669 560847
624442 407248
518681 270665
763529 722962
902065 570299
737433 993699
981109 619750
283221 619143
442961 615288
597723 407499
684548 214818
168858 5230
422617 683085
978306 958074
482115 899267
177481 261356
196087 973198
27196 932079
543199 294104
59407 482210
474432 890169
377152 435776
621846 47457
222420 990071
574920 229004
781610 175833
752000 192745
906682 807302
268767 275933
540812 332254
781586 418983
996946 629595
789112 722713
993101 845048
67809 850642
910810 965014
83509 707771
144562 608446
811076 207753
850931 98498
806264 148670
551332 965220
390870 371687
675498 117247
906288 324131
843661 133923
942639 806840
74137 388500
80490 117707
697655 458566
643370 33373
174175 987363
947215 448138
159962 763652
27303 128337
844809 973309
864065 759528
32522 204273
91496 259303
782080 940987
319169 179351
775236 517983
225094 639011
929906 436343
844021 771963
395734 982446
800418 400686
242003 77429
243931 652631
627195 343594
304024 852605
283563 753784
877301 328007
530085 633451
122755 966618
359990 822406
210107 299436
238128 173330
304204 170220
324510 581189
85377 491255
510385 513951
380941 735099
668475 100761
839680 264492
463710 292737
322757 391308
546016 237880
66527 589762
341389 488332
294164 59323
758672 261943
49247 118047
284679 92431
475435 83613
125176 242472
146745 770947
799127 283
536683 246999
114727 670226
671225 704629
765606 784493
875298 673469
36186 470111
434324 690950
565743 483002
449899 574054
809275 578457
485642 259870
7025 203380
152821 509252
376368 565819
393628 512580
866272 987426
254177 25410
796988 373532
707650 663179
241404 942699
905152 750625
875073 288619
132087 74769
511177 494847
491652 403197
36257 345450
758966 527773
882605 472498
761523 731593
62833 599943
964854 386482
488128 621187
747781 954069
496789 676324
364522 894705
328060 817646
580560 178085
545638 993749
681748 620280
303876 789008
347683 851387
264301 133308
692603 431142
443418 670599
940712 224969
563816 938839
726816 852707
373679 663843
184840 124438
157814 913109
145771 832946
990061 233965
911323 472546
226989 745740
237712 956622
969925 263136
385640 91991
814942 556735
772087 59094
975487 476517
5086 805294
182188 726638
244515 697454
780485 313350
444404 172603
899298 238277
40385 496394
486598 73303
49700 850342
208960 449869
295044 57800
711859 646590
771450 436509
278891 551503
807035 165903
351579 433279
854597 616594
834259 746186
632842 374128
200224 100498
723875 869801
306591 549747
202707 538706
551140 725205
95211 336018
205083 647844
555268 294459
790065 620281
100192 120115
673148 921359
805106 862522
319676 841769
254198 258175
548532 85557
932343 603858
372184 616141
401286 335000
123456 123022
682650 147147
332321 33070
461057 309210
482957 333512
63182 226832
351899 866726
568051 90676
145320 196115
701177 628582
857895 671311
886483 429416
714823 318942
600724 426564
102596 648701
352782 683572
935571 129056
694212 867869
983876 970176
563854 526908
638000 261793
702672 373307
722762 679022
117500 265442
385855 188411
999375 586149
425585 584326
23780 703036
707903 832309
134136 357172
414422 284315
56591 991140
296590 399284
154670 477476
692312 130524
320259 537586
114703 949410
182911 382696
405138 341676
845416 151745
449152 822492
17134 423976
317626 116120
665839 496213
206564 851739
626361 371135
831304 411182
870299 656981
425193 215855
377833 511376
622290 574652
457500 911253
879234 749462
964347 769966
565170 411166
383840 936916
561094 393260
935627 734260
146155 457680
89188 116405
321413 817236
503942 669260
435018 970065
855198 413969
439387 649532
720039 958078
133182 1142
355221 162013
182987 464118
849948 578046
954723 920850
321671 451911
189080 702081
851377 349075
118717 130745
513352 208383
60853 800063
265316 290536
980476 942888
891606 913975
493529 449687
744564 89163
821155 632121
815989 312256
740492 31070
511415 978636
923840 310091
931935 32387
222605 609272
326077 46421
406269 900488
669577 204941
835770 820397
189690 89002
680775 315930
657891 422179
620669 580058
786807 415388
385942 63847
697712 34345
63562 433854
453610 147766
431114 683657
534759 862435
995483 542910
99911 651941
947203 244798
325570 201904
193252 766881
550904 191678
915606 206736
845817 834079
187104 809160
573749 469698
983103 501546
466957 865959
164037 627961
370679 738899
755557 294011
675928 449845
24376 657400
895417 484041
516430 657381
284031 669633
289895 340362
266875 213934
623411 672739
69912 760319
583254 969475
493761 139320
392125 488117
865675 61872
570847 524441
516564 989749
964094 156057
898397 758515
872478 53528
273410 95255
634259 359707
193479 881395
294212 35234
258225 510579
157618 337286
981209 206722
654120 345345
468411 40301
549060 487634
490805 704245
353521 915007
200364 246796
566993 489430
204350 90842
898940 851780
873594 173756
503320 632201
869733 129454
271498 753763
771524 942890
872947 556921
935644 901516
16426 800784
170884 584486
234083 391360
191173 529586
151970 770282
160959 683506
697991 115457
366796 104609
590679 206304
361002 317121
672451 750167
881231 559332
5973 732608
752523 826119
47950 662491
979808 109496
957188 441562
887062 78576
371864 135035
621092 408472
66483 246348
532348 980919
888283 900977
236472 330452
294099 916313
79584 208270
495657 321768
949651 645163
33979 213421
577811 865273
484547 123949
202614 822999
802128 849028
189159 278435
96369 193366
490609 644271
359745 78030
281138 610440
31435 630532
847817 186294
915538 121335
653898 771084
410620 939933
832136 203359
720033 84014
365334 105162
850034 289593
586843 854613
35984 160363
670916 506455
934765 659862
33872 915893
287461 477213
317339 106034
255687 502448
635034 123511
474122 797044
10510 683261
632721 829940
849608 735056
783775 975084
7843 554017
198570 996320
804039 2641
175307 77233
107864 442330
218006 958804
549162 167450
117387 344621
886095 167251
358169 915353
114929 421453
277449 918919
801928 783253
707908 387060
272198 669739
100888 788214
330743 608854
66333 892806
922240 695773
142635 595487
499410 919991
490698 172042
645627 888413
283574 657717
624915 373849
309929 421438
893408 238866
862564 342703
354319 134511
314232 931925
73316 723053
397768 425754
286691 197204
452299 767494
75273 274748
549747 99889
697208 90193
145652 234577
414502 964901
17410 879491
842501 24609
308928 550316
407236 64484
831289 520102
150009 223229
506822 558309
328766 9716
588297 359151
333071 525434
265891 335243
856504 315769
516229 355172
59997 366790
520266 212754
727878 986373
604795 826684
72348 871139
205958 188878
37470 871624
522069 680321
665854 586032
882133 464423
521923 863861
547438 466322
469578 754016
474124 436807
273525 736963
683035 808206
131262 999650
202681 57033
128304 31130
281381 7504
325616 854952
869982 203566
765725 625571
703132 540201
310482 159791
335404 531881
334506 948286
462822 889934
85904 861792
765843 951856
493322 492425
538350 901699
131038 808630
281906 409151
376226 267200
930407 553356
183646 916383
342353 594573
25540 972962
166657 374078
676722 337180
901317 431047
72205 500605
425953 854510
635965 656582
294689 564669
62350 435947
468547 270582
363832 386016
255297 92321
131393 560318
748775 15913
441167 595296
172133 503426
501004 409411
677633 673841
290552 749278
354257 719721
673121 13488
9988 798356
554515 809535
567939 471722
741685 448522
783030 584166
459431 89595
226015 509562
75922 460118
299914 808263
870707 689605
830388 258134
102233 285254
907654 192442
296135 876924
822378 407879
795973 392457
828523 919820
193800 848605
483543 37853
547049 547189
621227 644488
181729 630829
576428 36964
225146 811276
583222 900366
686999 215793
993930 766844
766269 963938
221830 439653
954590 278718
141147 358797
964052 126286
448843 969158
38852 876534
621861 114067
616905 50086
962466 979710
216731 366841
954381 700993
638251 526612
392669 286084
269983 423183
295848 660066
548088 640305
33926 433114
351529 58470
98325 482358
602194 737359
589513 979946
579389 688985
889620 367932
897082 83264
810363 453965
695881 60723
96123 219095
479106 47488
446878 547916
233491 437572
838681 695958
427248 326423
178368 640578
137744 711520
23849 485751
303923 818084
263924 653452
870774 800156
900743 214442
974010 72104
609320 185694
139295 503034
13661 235494
790535 675399
800707 307543
690600 806551
275088 350523
280086 625430
680831 626916
542362 197847
700241 803503
159978 885946
379426 197121
211678 515230
652740 616278
173152 877984
148796 472685
618536 505971
19289 486694
777629 482954
989298 394849
137370 791245
2123 181195
293568 906248
331213 210454
377443 301172
451598 457470
802109 995495
780610 569035
184493 549668
943383 821443
496482 95263
729583 239087
66479 160906
687097 838533
436781 862972
753463 608958
862915 554513
288978 480092
951795 164145
507908 687484
204281 276883
379900 846077
742040 521275
77846 960807
321383 981956
787880 723970
38717 844870
691376 659893
932769 387785
798673 22339
113149 74711
951798 641326
215470 81249
752457 533468
393118 868674
301624 421700
326853 986654
303794 393348
777654 815209
537172 20498
174687 981487
412108 381062
747269 244518
28333 733616
459577 644095
737923 141064
32805 824172
979236 742240
688929 694668
584819 496230
144603 933585
895537 509818
984076 496581
2612 688016
92419 690786
715085 98896
357769 146159
621255 426334
516994 448650
858625 482276
440829 627369
544474 596006
41384 743603
850013 672348
634431 872217
605368 617543
395250 975864
82781 290203
221640 848328
505014 739818
336785 599853
355459 785712
880268 327380
399070 481361
377748 997995
902889 712725
640736 727313
691578 929659
293730 210592
668865 759361
225656 838122
410321 259666
805892 5311
753668 896610
816628 671789
318031 560864
499914 452150
144894 235845
500992 522030
290063 540829
666180 640342
36435 676288
240771 298002
670250 965741
197040 931450
221371 721232
966152 920723
314198 397192
993394 718740
126755 974536
527070 361881
462632 48779
353879 490745
220152 145938
711019 686812
97817 93563
42935 272837
924315 141226
363232 803308
134919 939866
19268 305944
833733 386759
158163 942400
912799 138979
420135 215994
710292 622820
751745 285417
607371 411712
932948 537238
75559 274259
801743 428237
312142 142203
440246 788137
399429 927421
987312 103895
800288 438163
416229 802385
7206 268875
225360 638277
403655 553245
759345 696392
421512 235840
647031 550428
134069 734745
354281 393963
680343 922278
838659 93114
906767 789663
15259 839646
348017 715099
890562 69917
877458 801357
681576 686310
844569 643644
753101 103691
101666 66809
363750 696296
565995 28469
158055 323250
744525 737970
547758 708760
111136 450515
897441 498121
691229 641286
412874 390646
276843 477249
27768 87589
776389 40538
734394 894746
852175 255959
417688 827797
953857 24385
78987 445345
537904 405856
218276 550295
998839 710704
412670 97116
963951 46750
311347 212183
323829 431100
443992 193415
4004 229563
81352 515082
247123 903558
857920 110087
619476 418327
555795 203525
124764 161673
428664 959978
339410 897121
549209 904326
196756 894416
141137 62066
622886 759569
834374 564510
793015 544131
658939 136648
870941 503417
639899 115916
633801 333978
589051 677588
798293 496984
578725 166664
908391 707534
955162 380732
829770 932604
616124 248664
550606 529356
618905 676152
309282 399421
56348 42010
732162 239058
368955 127348
780744 78440
434004 149796
893932 133440
426472 829128
299394 160483
960764 144456
182315 489514
957033 54395
42037 740505
302183 609966
521245 111832
639359 453239
522919 411600
423552 863818
895726 90629
504739 851906
12574 719851
758571 359393
376851 295994
742647 92961
573816 992216
45186 338973
645313 957973
409230 204391
956895 26396
437520 127927
322777 195234
954585 974570
680270 35766
52412 541652
257842 841419
155365 635714
770002 179149
762680 879269
626132 774565
451660 372948
66899 518278
387228 344155
873673 268940
348470 721691
14210 670554
530065 549596
572446 123274
635227 74540
619936 983039
80402 639599
177464 138018
209124 389320
92579 156343
629171 937236
257191 755771
250059 761770
1598 378900
514960 567843
723043 962246
8547 528156
683220 967313
525427 45866
45299 948303
941753 28281
895426 439544
985313 549302
196369 574170
401313 397819
780359 341957
624310 715778
135737 79710
901163 850188
278626 540375
946597 770269
783367 158866
461793 656968
98072 484080
423730 37669
50687 19783
415403 666592
422071 105456
754471 711621
507420 313095
951166 474166
140603 271561
94397 423265
311181 123119
959724 580257
994078 759367
6678 103406
750911 912865
335526 199088
30939 237208
422061 758033
279706 835259
618846 994707
734213 753348
485206 105113
569202 49685
270860 273390
550111 935178
614699 955564
402134 775588
603798 317100
492641 316178
110259 494671
298412 12912
327998 432181
994498 167344
622699 153688
72613 812280
22927 209429
717194 575448
117162 539381
696348 856623
653625 936038
151904 991648
928840 115800
252926 623703
245509 915782
775611 681452
606127 472943
283668 320056
387903 255780
483346 407182
216270 882151
950132 530224
382803 905373
35153 191192
51383 48848
826415 268403
574408 447457
183914 515508
421134 2071
997624 477407
543523 357730
147058 760863
856263 75379
499150 46269
516689 467265
986985 222850
555251 811704
126610 322745
816584 797374
518418 862531
647808 333909
298562 204074
322377 699311
779532 617457
864161 312890
27566 849805
660093 411420
282702 269838
93983 418042
948915 245069
968569 946250
131266 885282
602329 846987
288367 261020
77348 798264
172700 307421
724495 304596
187398 177159
352392 135169
940004 563485
607088 522702
427697 730890
920004 73741
355488 1652
893925 804880
773272 334982
509921 805609
311361 640535
236312 965483
680910 816282
265059 859988
336019 887327
469056 54948
625690 977763
28909 541482
72010 749262
155056 470715
915240 382934
259578 812331
615308 555110
776149 493153
800173 114219
760797 869903
524103 294234
393727 90505
550983 232276
313977 435676
70378 811462
412605 106558
499979 332577
253705 539298
52285 638521
106238 312295
458169 849826
461019 343291
186961 608854
314303 140291
714877 654804
803688 184051
104636 397157
538477 777745
386798 948592
797458 621245
395966 26030
98673 74517
296874 223832
572939 252047
339369 534555
161276 402881
921794 703286
61468 711266
657122 88684
62591 61838
205517 457421
42460 426131
343276 306043
785069 462165
497406 627759
929168 86384
107204 345116
373185 607232
591239 323466
651930 67874
754461 864637
597273 453312
943555 656947
192612 505111
455771 514133
280064 758322
973697 220479
306636 711190
996351 414547
614456 610969
549220 710561
202733 190741
364776 50220
796091 818830
696923 345877
203868 675633
394378 509259
408401 661308
943024 513505
924192 316815
465182 270691
487568 370937
432467 305036
532930 819140
305146 56892
448717 841872
823844 578985
414350 8
430312 166036
412887 543944
340853 948607
637020 681506
250320 180386
492629 80862
55742 508725
131612 376423
594424 596574
281743 349982
100665 753132
515495 575629
365851 395254
534474 176525
811243 215745
358789 626780
313856 238794
255635 192533
111860 815310
345800 891716
882338 863003
844782 689798
153133 262269
410923 471717
111852 359473
894954 987874
498656 814784
212791 81911
738610 18381
589823 681103
590518 903777
231229 515482
990069 285285
683626 882051
775851 91053
863583 556630
250166 855058
824314 598429
127615 51539
167357 997502
897044 319028
380195 614469
264052 706389
720544 263170
329273 204678
890929 650040
649545 777913
101820 183727
492 166245
586875 422983
425258 109874
166436 178462
506282 672680
555700 829627
973990 902193
939801 617803
395969 367266
67848 399281
292690 705433
57460 21720
229520 747141
821755 75932
870800 96463
837347 933216
683941 554345
87921 462418
564472 249260
109575 766667
52623 22298
717799 478011
52552 509351
697224 557508
918212 965311
771011 919744
965793 583649
677498 99533
475592 758626
749396 174438
552528 678164
850693 54788
984979 987856
888725 407955
778334 323740
573697 818298
620199 611021
50266 277586
185169 471460
847038 108850
337455 620507
930675 271716
558651 807832
448325 252473
698567 154296
571564 659790
160349 880177
657806 702949
119291 906005
325426 363637
281213 590393
448029 33855
933298 839472
366419 771659
214913 317512
203089 98422
753555 582431
117006 517551
149651 753338
684894 352752
563540 766420
215419 166730
490671 679671
892137 771147
381343 896341
661442 595153
778065 601291
818990 987600
194686 62665
27064 956233
955458 428471
232420 172212
887691 889589
112806 112786
737938 98074
98369 389410
985879 984556
699662 615233
697806 869473
713775 864066
851555 467382
248722 645235
531153 790053
288939 883549
607450 140291
162466 277760
810454 748266
319567 731928
202566 413849
857972 362978
391138 290452
546041 118847
407098 349961
436551 221609
976007 286551
554273 382208
966272 708345
292409 102634
243949 905490
140294 705456
886040 492739
415747 341477
288912 523953
51051 606139
617003 617948
199875 313711
445156 737112
245041 396512
895455 894925
876893 252835
538420 580797
791886 353108
233096 597664
440543 663867
238427 209952
909664 497164
390790 256544
841654 266625
173147 438465
656297 119844
689327 806972
143790 17883
904853 592847
463657 316815
590443 859587
869478 114367
42784 522020
881830 289232
690877 846882
566962 554
857781 172703
64828 290006
136706 563436
390330 442389
4920 308388
264484 222715
871668 999048
116142 638898
728591 255377
545234 292813
492193 629421
587711 570602
534045 164562
224632 886979
848248 888420
750160 683503
815645 668610
379801 498329
544376 985709
927934 267691
199798 534796
921310 742132
523455 343959
195676 327605
657144 437827
345020 324302
851666 118529
782122 715678
1025 111099
441238 914749
601320 77967
692782 521059
352323 272722
255932 768697
579415 42499
864049 699661
612988 490351
637885 294708
563587 156884
529793 260470
543669 890256
327210 542394
186405 630319
571385 965235
825719 209129
864336 434968
630673 803146
989422 201109
248397 175424
451654 463406
157368 836005
523592 30727
785271 796143
737588 227658
505184 743996
895691 204505
374260 732505
234620 604769
590561 643393
29884 763644
956432 425899
102861 576463
563840 488604
203297 939412
70656 372967
675287 880491
616737 154425
675593 301813
714386 426105
667904 765197
177729 749621
928499 738289
318869 457456
706239 211398
841312 1423
514870 916557
785270 310863
197545 33708
975992 472741
828295 62248
177696 367986
212600 301200
59783 765571
66919 94549
114374 225801
947335 723864
878402 785384
885440 715974
119990 850519
887129 204972
468607 36846
212455 461081
376707 516155
794127 444885
913960 331179
925127 619597
216054 842896
330891 904082
625850 415427
810714 325254
202459 568492
470683 343737
274239 663855
927370 221265
385644 208279
136957 601906
713402 792391
710457 283230
890262 833369
186855 663404
498821 414171
502348 2897
59334 778429
910963 339764
645688 272790
570609 872290
815536 161465
834123 762115
140572 803366
33451 111058
787524 290276
989295 572295
978679 631029
146204 982414
98548 25289
317318 823938
793079 376694
484410 480877
918546 760227
964529 66453
959361 534913
355475 945568
735419 252698
495656 935444
388389 877442
581332 591537
837237 682566
55641 656366
290932 879609
702119 907818
985498 592453
430324 428931
583267 424385
715395 175260
369193 110932
46534 846394
643629 36836
605013 371724
106093 121451
997814 852054
477159 257604
940408 453209
606145 708787
841772 970718
68655 760629
263428 214351
85496 303865
117034 250103
800904 253055
207519 170289
771410 990804
998052 543232
288027 994503
142993 743103
363502 182243
997062 201081
917557 39845
499706 308772
525916 205711
652519 676394
932035 923119
395264 41157
647174 444670
314428 643169
747754 516689
57523 408695
711365 330464
141979 510150
979902 978307
267626 621645
204171 773897
804796 55781
319333 390318
221909 880464
957448 265376
111507 273169
863083 821233
615059 452127
401555 647679
397701 829971
199989 42755
761884 694225
67188 820054
618143 777351
146200 913933
560564 980280
432665 572141
533889 259647
944192 705830
505508 77585
281665 651590
631905 935774
169695 23678
984847 783638
271700 895230
955173 91294
475535 100814
76220 576069
841527 456654
480834 313064
776174 337747
318232 258183
130818 330885
501045 462799
77868 119741
854528 264805
158463 582737
223463 382234
717098 89442
992375 654552
219134 49164
99727 366964
470931 859561
416449 572544
53383 884863
268744 327300
66357 904614
327473 991776
631484 496147
562874 947939
607429 41570
235388 423253
735524 843478
173496 48538
972133 287307
208282 150219
277262 813636
380675 846256
165986 807141
363328 152778
233267 739573
270891 441300
439226 410959
875403 63418
95260 742208
667539 785231
370964 680307
464974 185707
585729 781953
783535 621342
68694 990194
978067 115958
564104 231839
612953 136019
190699 70037
881289 852234
797877 480375
558385 165012
12080 916018
883686 853600
42669 608526
188155 836337
970287 976671
714412 626595
376732 963499
518009 149396
111405 846552
646656 631809
832827 497538
487798 565916
499013 654192
47821 611351
956491 88159
253229 386104
198634 136
668576 79748
299502 156099
645644 846981
653750 683609
123602 267808
421058 802369
959933 446117
981721 532082
833243 658679
224231 2352
415692 680410
694729 500896
324746 671230
514275 444282
541892 560121
640573 272518
286002 424605
728799 916650
757065 844828
668604 931738
146738 154916
701995 219080
474050 284844
255628 373696
513852 200051
550768 476912
181184 6930
863163 626305
742934 488282
986832 14098
282093 266722
621524 60669
800864 213825
137526 674723
464211 898455
525474 12248
853124 258710
801822 79239
401795 36810
950281 864540
868947 74168
755578 573269
384446 931953
541988 356810
953900 179315
737653 742029
715222 676819
47575 997325
504425 578039
262235 79039
532865 436076
582737 217353
735972 647443
668586 233742
733912 395658
864000 223053
24307 457804
582086 445103
71492 54311
296180 316312
370976 993826
916141 901405
446097 886811
371223 666864
906096 558544
814884 443542
278484 149788
775146 701697
827207 124703
865589 547261
626487 632945
779112 514305
819264 676814
276777 453950
759173 134015
408313 14011
60182 856893
82849 702538
161420 898623
460372 225190
195165 395074
774222 249789
662931 320178
736608 650697
505199 189912
22830 319401
421775 636834
316575 322244
229123 771284
832373 28825
362500 762658
581005 588763
901869 163733
569752 958226
1375 609007
716901 744403
311623 995025
554255 580624
447869 719634
128818 420134
517206 903066
331373 618322
721879 129619
619725 27367
11757 623124
395229 882555
312993 274636
423053 457679
19661 573110
178588 8843
109523 842128
285201 949240
218870 465969
823854 600633
965306 201628
54074 68801
534776 659568
880083 352502
862948 464072
402765 232408
227693 130800
6679 867408
625306 713199
393976 1639
814286 839775
953909 256896
756443 328321
787081 873399
151547 904841
594464 568660
175796 729567
397943 134945
213897 140214
486092 548954
223974 498622
216926 928455
650385 458992
348446 41559
124792 357798
511285 513316
184117 486132
138224 18051
155989 733723
663114 916944
707105 510971
297558 792440
497564 819771
473197 295482
640945 323027
906595 869043
222804 276892
442660 295395
912118 744795
105480 870656
918216 276159
391639 225329
942114 972915
162794 269685
456566 771170
60665 802109
768532 459263
269129 607153
248118 819991
344762 734682
499407 245579
763995 159597
976912 681304
822449 737036
59582 671664
64315 479407
280382 74823
547380 894274
757992 143800
387666 23665
991715 208864
897869 975408
171878 202122
727060 452803
878961 109574
860862 934311
810041 540767
44964 89568
833256 369921
939643 770824
594038 314060
111292 329948
394003 232916
108468 301749
179788 198885
670021 211989
791517 903181
678347 219270
736663 22455
917752 288969
256794 11719
127930 282879
360899 382869
196311 864512
263099 616196
450792 923786
397857 488725
256511 595642
933600 520496
658993 308922
549139 293395
126146 103912
326019 522038
736158 322984
855217 768116
987722 213351
987950 139712
814630 658901
239952 750000
51180 666642
881289 973326
685648 680487
793893 667972
57522 850818
140713 3578
698885 92918
479114 438145
929980 987750
751935 876502
151230 739167
885806 199874
712225 492112
33839 314345
656975 238742
411035 209756
468879 963112
379565 649068
864435 665747
248015 866523
601313 840708
89333 5031
846405 276940
450284 259179
621741 543177
777536 732831
212976 637528
812488 532524
40684 535950
382325 657616
885380 144649
344878 572688
462217 994386
450581 478595
385454 402626
875311 379230
927777 892633
525903 413335
786666 322325
119142 85210
44430 410517
418518 328204
995234 26980
381055 541661
999925 296070
430405 652653
107669 311878
116363 979365
442449 526343
819999 658728
861962 912055
473912 75772
783873 293810
447110 437674
794087 416862
197161 944375
424403 589844
270639 100075
511075 798078
550744 68174
315155 870059
487133 30126
783702 443696
626860 969009
915903 943135
29428 617104
69476 755863
848920 624083
287857 177684
633927 122643
924237 117205
174140 790575
732876 41557
885275 613735
906960 749428
387738 593822
307012 279369
25277 295394
889505 661153
287570 226265
813110 99732
907451 4007
393120 159736
419166 775386
398048 188897
811120 512255
721568 667041
701936 269159
374025 53720
797419 145597
944326 162496
301279 871546
263800 807413
73825 427987
237732 357296
749686 975902
698511 236241
248929 777992
70760 431883
937389 56371
861670 956984
453351 133184
958244 330926
438147 252490
337941 440406
775206 548695
690298 288343
460668 32567
855045 639219
907231 649733
585653 201529
648355 42784
469608 795395
358886 679101
566882 400492
176949 535107
443943 571231
746828 2750
459602 732383
88334 692304
766057 960992
799822 384628
793182 732046
182677 636514
810833 934889
319515 330436
163780 495257
42376 886679
800200 779519
535263 307923
827839 580426
685442 573486
715841 760097
755496 676396
896603 122188
483582 302653
443898 444393
560457 341907
847682 150404
817880 352342
642578 466780
582132 307223
925803 816487
664421 943968
885976 434259
271800 512543
581580 77288
382316 196158
381253 72302
910122 235301
118721 378312
940026 232658
924646 766662
176893 680915
711987 852155
197775 277156
80551 481120
4083 220649
314365 678300
393988 691714
242147 395677
187654 893343
136118 295436
8120 989572
895120 549554
677758 1424
910993 912930
228668 31659
684427 513913
660519 270392
94817 480319
687816 284925
269429 599921
872966 97749
664607 653541
424478 743406
797061 83593
582421 327118
658743 540961
838256 375606
812111 251190
550883 251528
70196 560850
496111 233350
115780 397087
824081 607006
567128 393874
342717 467381
58553 165564
411590 103045
870404 826384
402212 964006
461873 876673
106541 325079
728515 676923
475868 302345
294479 92968
837140 939143
597956 618120
857832 514657
337997 512801
746481 418752
560086 475321
268121 110430
243408 528745
963742 242134
250284 776597
907225 674745
415958 970849
757046 304446
953426 373188
247935 726454
86526 840933
250528 428208
310716 261249
130818 466461
84529 815821
426003 554505
63541 137584
204 104441
286017 1145
345491 833495
27762 47359
989336 347121
226287 465766
532181 556187
413343 845980
149834 610611
972849 806021
784907 500812
564843 631153
652507 338114
470640 283539
528991 270162
266027 372403
544061 102065
807992 916922
48278 629323
972652 819791
525021 176053
228759 53714
430574 396503
637906 219454
50291 329794
808499 142613
451706 140522
841027 982957
850495 579924
127643 653835
281094 710273
153518 299984
298557 822878
538628 470346
468813 682857
803540 274650
8964 872656
703816 773410
52147 504205
681846 865962
249277 654145
279561 11053
117158 165554
865405 193568
166241 948630
596890 130503
498687 107565
687482 546374
860831 590553
805736 275021
964895 489084
485989 237901
609249 963199
793280 385767
27795 561023
584242 243757
650639 772193
800681 214225
387734 392907
518484 694290
373587 723849
442050 540260
217367 961094
588884 622757
458696 934305
159835 888164
853221 294472
925464 967882
374905 525191
984104 702030
573952 929640
54653 3591
928915 700396
543397 999253
597386 961536
402233 279562
149355 50709
440297 657108
859442 996396
715380 604885
273205 749176
490994 845954
764970 837386
733826 722450
913259 214179
156088 422748
198835 955294
678168 303990
83665 248482
776411 991606
824072 920678
675470 78627
729838 344405
971033 690693
422319 434957
516773 702785
298464 203775
833211 794808
544938 834616
15826 631781
323152 452208
961890 600295
210433 156462
185102 74658
4376 327061
679337 68499
761974 772885
227934 144811
730068 745397
940504 589500
710885 75034
748237 367402
113942 983298
300459 210465
468220 205533
188164 76903
126585 963915
378414 309682
613700 254128
868123 519969
260938 984023
879084 806862
935203 385532
532766 60757
642676 575366
542002 361052
854501 417863
98911 27775
454203 843878
105869 61270
737343 247620
600288 88200
292910 430916
367815 506477
739037 271453
35054 339443
351652 184553
403838 542991
762752 931723
481530 103348
474802 276628
917901 326135
224112 856991
933234 66664
540046 767945
537728 83283
779223 863717
383473 58207
287765 420830
861434 119144
305021 970094
910889 385193
543429 654062
250654 725121
574334 983009
918871 143831
68435 636417
367677 781939
128396 276092
215573 915235
511403 942136
30558 379178
449054 336624
719791 569612
220722 318486
412859 640009
933484 130791
45909 711478
204658 563293
927042 625636
843082 96704
436327 186615
424177 62071
441574 837567
957807 46998
2029 744374
93732 267237
125773 730064
477579 206043
719513 585260
910371 325632
240938 590694
447318 559219
8061 422408
80429 53425
74512 156520
213174 868604
933512 333481
429689 3075
654732 414357
553598 281601
492076 74691
618686 613440
946583 471875
892385 52413
145973 318303
430878 815403
227708 947955
346258 30603
331239 761610
580575 524514
108149 152896
169209 852001
627883 909517
600969 119729
941909 693605
510455 502880
90243 809626
405827 953945
212032 584550
89874 612626
504009 156781
195629 704688
940077 107864
108763 567880
667924 562447
530497 785157
72551 935901
338342 675708
580298 18058
578345 776193
74793 78590
529991 335028
661590 916619
144155 651760
319971 810896
144229 817733
847002 482933
159149 993564
359043 348868
501968 254785
138217 625988
623631 259186
959310 39885
970248 78060
313614 465883
600571 698534
797290 27900
713428 182131
430174 556835
5383 878575
255431 565039
535488 892543
579715 472755
721853 297192
131230 32575
652636 745862
967325 978166
154900 547355
35992 444773
689107 450035
649681 120061
87879 778221
113358 371100
878166 193732
31577 289302
447159 870631
414379 218652
914931 439974
180014 44602
28183 978534
647598 877383
191218 62317
16570 471287
774010 297382
385729 200446
187102 30294
785863 777530
246043 795828
955216 976676
663658 662201
955869 503577
605887 976432
185210 64145
422910 421442
670569 363417
472137 607130
401214 886404
630770 869816
513557 447327
407352 226140
201435 296877
592283 403196
127640 980173
213634 561802
916847 431818
704889 200258
555661 377569
659219 403746
481042 95441
535517 599934
26162 557814
898752 56271
45417 196956
208241 329013
202651 171481
394176 715569
517415 82916
864132 208144
87248 932527
120115 199899
148837 694459
51874 266118
879983 976291
237147 377855
625220 32493
520136 417388
814655 680901
639710 461601
182303 475468
779768 496128
42170 7250
315117 124269
943050 278045
711179 211515
291702 786160
602407 305781
131905 864571
650164 649470
839793 805514
108690 349345
750107 825043
741671 810880
425250 940124
208932 481971
444881 311706
842938 312636
554764 619347
167958 143411
624287 477752
409154 216839
559794 847744
505966 680598
938384 541234
107081 392622
447371 242790
363263 656547
172611 595414
721598 883868
213635 223690
323743 443865
765699 701194
314012 231166
870580 392444
46062 765367
162325 663568
824753 585303
453005 774637
2198 245141
925523 52892
437389 741166
536746 916110
962118 542581
948971 143567
777282 521531
976204 992068
164021 763924
939633 961211
983419 892762
808470 496701
356175 769050
460310 511112
110002 178895
938159 417562
629655 86488
220909 737632
486507 720853
845087 154216
271342 799593
431544 939742
406083 315940
857518 287654
811077 886216
992413 535064
470928 241337
805201 716806
237243 99506
644873 223823
826173 907120
96696 891775
829987 545014
671704 504764
429243 877520
718115 252160
760143 96460
454193 292428
785701 411463
40721 29197
519451 739109
949752 461429
398819 136722
75206 656191
888381 178723
714956 80766
69217 964232
753339 444817
412949 967323
394628 954746
666494 254179
302483 984858
588383 975842
485480 807226
680724 798368
900615 129388
38549 588649
674589 132784
82142 655269
787601 467738
504918 259109
971601 828385
377961 427882
851821 343009
83870 112215
64579 510753
671457 948814
180719 717026
885232 556842
887335 687054
360406 592114
357513 797244
841984 908277
546541 217698
934954 719456
833091 324330
375187 729633
494909 392242
71586 305520
905798 265569
165581 13681
753984 639020
238041 831678
203088 434159
529905 162488
684719 303884
82153 280978
450422 946626
668769 183363
620733 665297
265451 191689
153936 536951
267445 473627
912263 325048
406697 919812
576178 593689
874220 545247
890755 589551
497206 505496
540956 284487
105761 573883
406258 613766
697909 710584
397766 102397
99829 688599
348528 418265
415112 473587
922117 833415
536733 406304
617213 174986
26947 489407
974813 205258
759926 723681
642534 253936
76288 47508
637928 368153
426221 202122
517466 521936
589271 945214
739731 859619
886509 451243
778051 556885
757679 534440
226289 325441
149027 497681
739494 887397
8529 162031
132440 430175
807050 212218
150767 976033
732615 978227
783004 502219
922719 763431
221611 613520
732136 143334
762796 285179
246555 151814
844632 903947
533231 912955
429026 925643
941217 82746
608305 703842
297412 922239
701697 916394
443889 215678
820244 811902
565251 134250
877758 108861
822728 845560
646438 204791
805527 448548
302019 819045
302254 988348
650001 523742
637634 440967
141732 600628
113553 749991
67225 898727
870481 85053
746822 253292
973966 711689
469512 203512
335094 686323
859156 93042
210377 988778
102818 519719
641602 170181
520628 854799
186220 774021
480718 459587
970720 954712
205496 844261
579697 377356
661499 413358
29612 142366
372130 645831
997924 347989
977022 559861
843870 11041
28488 660613
922698 375881
572223 434462
68085 690615
386420 922679
667565 111856
932582 976030
478933 982944
766756 26443
532287 424136
173665 358639
385361 82779
124472 98007
914200 182213
594074 455106
899023 736277
569333 618585
205917 843756
872176 829262
998178 258250
862074 804651
954571 129458
421850 408145
731790 712138
62859 239340
462931 26064
333528 876771
345261 193513
927380 826833
390356 561109
960983 314603
536659 522249
41776 308326
779398 458093
579352 426888
77179 556593
655500 883093
232662 989324
548008 906551
901662 840246
835558 572166
436679 164240
475644 610345
298841 463587
591044 534030
758755 338386
818136 612463
274192 206261
642238 709754
61908 183180
928736 6159
237925 178665
614573 316998
410368 814359
405121 632291
991547 962167
938469 802615
706514 118420
734710 564432
284412 823876
191814 481795
508089 557081
818786 229396
876070 575
387166 490691
241818 474940
646573 645347
416743 926218
495160 766050
939296 55754
720092 493875
219078 697989
465108 854240
665057 936106
389982 130109
830973 50233
749432 148694
296472 626937
88074 168352
207569 474544
387180 58489
642255 43011
188223 448739
657636 89379
712973 745337
169144 424303
107879 662514
372869 76601
222215 823812
769985 896687
413464 925823
19218 14689
871248 914211
483156 559608
563017 659920
315190 93588
391369 20435
801768 427341
642544 271085
883082 404482
9682 170569
665068 315752
704729 457397
110561 144484
212833 796204
335098 862178
471282 599116
915909 977440
733365 276065
522596 840227
165259 183492
269672 916472
220701 742049
747686 584076
649873 369832
447388 145592
817029 961549
472971 30511
88476 669286
136540 930916
32572 215841
354231 413185
7514 494406
821884 361168
744336 325718
107226 409346
466056 552868
947336 389937
41273 664012
89928 340480
879274 798271
243054 763553
515535 416595
490648 359295
749497 525057
420564 441522
218990 828849
712630 62964
132715 740940
698149 816015
985514 858129
330908 752225
977978 753283
401215 98576
79820 832947
567729 865464
580394 578007
146286 33519
828304 575434
866226 951337
15518 261563
984240 743445
10540 362437
625302 619146
950867 102190
787090 170204
876733 747373
744372 655749
33315 177570
637474 492531
266113 648122
345639 773451
448562 828578
966536 769980
368527 828306
939470 710332
367226 393695
956669 368929
348050 962044
252802 664989
207521 341972
110649 549194
711672 268885
474629 382268
673966 687166
837903 584954
523671 273219
297475 304286
683892 427618
307798 660621
458569 983607
136716 651425
878446 734088
776944 942205
625640 594936
917053 47704
995345 867567
456507 457461
741653 693933
424506 843331
169642 85247
452523 633300
543936 108406
182308 158588
913987 361263
576215 991408
836853 781884
357513 526177
465534 971705
803489 283734
740493 711439
55830 955587
301145 841273
843844 591918
916913 310355
981948 162146
14748 621393
905641 55610
517148 418227
731748 676187
986787 171137
461514 257052
650400 973629
128579 39381
630095 261759
418242 487503
413943 118956
346880 719200
547278 269876
684932 889941
340429 36975
483865 473885
240524 683182
987857 579734
251698 985547
87558 299462
669055 444743
691214 93419
686577 203199
983259 75856
427475 673564
432857 555953
440791 713754
602881 388777
759936 482326
913547 771375
768139 363825
944152 47070
88613 870167
740412 196512
644411 742086
68535 208622
922015 455871
135592 767746
612627 753801
307942 677411
221497 442283
438949 647593
289559 393454
402720 926744
64224 615435
715421 277377
502291 226273
953152 504640
744730 793799
253455 418538
529902 574493
723173 964311
33167 798955
145281 7607
439248 545158
803089 474508
941548 288878
730254 845961
97207 62023
760678 953283
506089 751080
136517 348977
860435 215588
49965 291598
645832 296405
222170 303096
198029 464802
575975 22768
878894 463653
501060 339559
232214 690216
213960 225346
250187 641039
716962 915131
205849 322459
772740 536952
725597 507229
145344 829288
533372 74438
891825 225645
835260 295868
779696 279780
172458 945755
604494 8591
756169 874706
348819 764231
844834 410765
736993 249540
684356 457289
99844 574682
900883 330526
27556 127312
644682 654239
533755 811123
536585 645521
388135 640770
116164 481774
818671 982305
813869 572903
137977 23582
158814 931483
646626 38838
373691 322658
430933 839349
282977 44935
933158 533654
584869 266423
696598 792845
632951 189413
815856 103558
300333 952342
849982 472949
233676 312950
856342 904134
301482 255762
675898 203796
384041 365066
699947 704600
630019 487300
656507 758664
593780 595775
850334 178202
444599 131330
890248 25111
196732 330274
800595 891304
366772 229190
60761 315204
373488 556357
55888 815491
774991 984572
361385 457892
540801 527217
898632 577736
951000 61458
583185 878485
807026 183263
761652 246651
970972 359004
649463 985764
113097 777463
356159 665191
809898 630760
192180 678056
339711 752460
600588 373038
648017 389902
740928 427919
652540 350499
835258 648711
329547 768175
375386 806082
881507 424449
445056 367491
171698 926235
552763 363542
820071 203030
693147 982439
290370 135843
496367 162444
835660 915710
829056 828758
264491 554388
589675 949780
887155 125233
511867 988726
772475 617491
33962 336
526790 329214
55189 785653
1993 306146
30972 654229
184150 746840
314163 947668
870395 498183
181790 565450
976029 69940
531762 353392
60079 25347
509379 485190
930644 233996
54611 429941
848155 988617
719466 277131
135255 264714
130970 274109
189852 930273
936882 339172
391963 718605
200998 35534
569546 523841
921779 756323
72518 172949
508211 441801
1023 540309
378082 393906
625090 796459
13632 889270
300483 929348
341640 846678
235406 129195
164661 140916
143182 759532
28305 991937
651906 672501
410763 802348
434501 403402
404397 356553
464734 556407
280164 621824
818116 55385
53441 464687
611612 449424
188281 584138
378295 631801
730040 228761
276626 834019
225964 105581
522768 386650
861893 790449
946966 328979
558782 657046
207002 363519
488018 250562
466456 890502
284398 634710
89880 746826
595714 778918
715134 638531
143000 996626
113997 549331
240545 278467
715177 367291
11045 3577
51807 36167
306298 306381
108901 652675
778149 502354
602211 752451
88135 656998
66180 329102
959179 895566
685424 865451
737712 230843
348692 671458
61823 225077
974515 789423
4328 70547
446429 733683
365654 382747
831537 99978
614297 268798
774628 737826
58095 230377
545256 421429
693663 137781
333734 287998
224250 997282
38657 737375
41613 280436
383159 271180
735893 248278
837296 235344
380484 190439
823640 728561
103387 501692
557981 438464
777517 43106
654582 254677
743715 689457
581247 331469
182201 895194
164859 461601
575268 48624
485053 833768
327732 184441
605593 326593
919377 418906
887869 78287
244264 11111
489481 286101
219666 389698
424934 52408
27666 954444
278245 945159
996710 604015
119530 904587
454863 476116
983506 582307
775119 736759
411255 442310
358483 576940
737468 910690
953952 488118
250378 925022
768963 313117
467038 573275
724775 218717
260343 33269
208840 528970
698298 397099
486637 291862
890872 927432
636286 590852
572891 699839
417916 353916
8952 470816
818946 904320
47492 234389
420527 674400
280004 390898
323964 517160
602531 409171
452281 850831
111753 83853
631889 804268
654881 915610
818008 726734
97260 792426
447010 751487
693281 314215
740044 475780
453131 672233
745662 817696
705411 795549
175074 84419
81941 870051
232844 75325
589778 472740
32808 430737
747528 709304
756059 631533
711234 390961
941882 426402
926687 818711
16647 363274
295789 35571
683158 758412
31976 93996
322230 729314
180727 574823
513761 687167
930785 495360
321103 400264
291442 705122
159365 813799
470326 174204
577872 679778
404654 564221
18779 493300
470341 958108
642696 329805
984282 610752
742474 970248
578215 304456
784555 164400
659032 992631
281759 189286
196561 789607
970564 931378
207350 466553
804014 392708
713966 180354
863899 317266
721505 458835
895246 498547
719205 730179
388790 976041
300893 852086
619560 84611
557851 581651
749272 794238
662338 529241
374234 637712
426470 27673
434548 872529
99242 303104
29697 739093
282008 363693
8998 4750
250622 666671
253961 951336
601241 797883
697639 148139
94742 509882
730227 850650
583496 485775
496723 615142
488829 16686
714344 146096
522121 475803
356172 924681
185742 256728
70202 294343
889814 572205
567701 862837
838570 643047
556596 639049
664564 435375
520155 170608
412207 893606
857470 851622
788499 735591
230378 385907
525160 502203
409236 362569
683108 377244
481140 2688
397810 750311
964518 882342
247923 1750
135776 568237
925681 211299
597818 826673
963281 478554
987110 484156
57565 434124
503338 680679
25209 909925
156270 906296
109752 9683
844191 755334
296474 212053
417048 751031
98710 4951
161718 107021
684999 262719
256590 204276
942170 768870
57634 15484
631216 69429
616226 687010
87995 586666
588690 427026
546645 214919
275954 899501
962246 800317
220271 297391
929669 284949
918064 52238
591148 734981
893862 530776
18679 533349
61091 695412
276068 360518
329790 953843
152860 691606
626748 57829
638454 345056
149051 469215
906805 480014
127151 874352
114335 821193
102540 273576
730501 796202
370325 592827
139913 34968
864915 367468
987961 524726
970589 236440
467108 764573
364613 709079
184197 519163
687780 891834
966028 77920
871752 154271
61668 865679
185260 792116
618223 956487
166653 104023
461441 906428
813899 249566
27478 467001
501442 968880
739325 266226
888004 423979
350632 750615
768452 427257
958221 863992
695058 383908
441512 441303
5455 793054
344986 677410
526193 602155
841588 943174
158876 550867
70148 545875
379505 179855
986053 907356
275249 757437
708760 974913
18772 805058
579961 364128
373477 635135
740564 215584
542472 834171
723242 235944
624801 987209
461307 60684
968229 465318
152950 888067
959891 16211
810317 754557
532448 855877
424760 411763
335441 787105
196224 114492
355424 929512
556703 371050
934148 677027
621953 122544
711952 486882
81195 222131
868236 571478
73926 772608
370610 324167
242787 957884
343170 546385
38268 73593
970196 80707
819119 74223
723441 711260
897112 398915
646821 455609
852812 298732
723170 792136
668421 853253
294681 74830
109866 820653
236923 211598
667639 491829
855630 600545
851762 247146
894081 722330
534492 531803
899766 387906
352720 484075
772299 12216
899671 542392
878926 425356
270324 996044
279323 742901
232024 137184
634813 598868
465642 40461
388407 108012
693256 35111
281318 65524
47847 324299
875267 946584
534295 499729
10166 174846
812166 853531
667644 330449
133837 360318
356164 191076
375916 295208
919540 913674
15731 590512
805885 300179
518984 604852
622088 776784
548453 254153
585551 497357
967357 69572
797071 268095
694642 112429
138975 987081
938970 728148
768331 542859
746778 821294
625485 980663
739375 319231
837986 443223
55786 899452
811384 424372
846717 295211
8244 877728
138335 836361
545460 73361
747420 717562
248822 299157
569518 504818
411777 327862
772776 708099
528240 867901
943287 461848
487020 28859
335171 955536
86822 806714
817614 952991
27205 254233
422284 667539
386157 886934
226144 198622
949694 517229
280079 10143
801068 926366
815030 285403
426758 266334
26403 119314
925464 513916
986028 729775
762816 315394
676147 345128
368871 555626
58139 856942
387414 691285
11769 159797
790054 898237
980527 884279
816768 455758
540246 485938
63608 74957
937174 463952
377014 997659
716908 32274
689351 788763
396746 567259
923470 280812
27202 784887
193668 273666
54785 432311
879333 283284
88283 461107
369593 464418
320334 289690
631705 271228
731698 73478
713805 29458
647097 577912
297245 512442
800433 931136
540715 815943
435163 413662
973647 109191
844863 740756
601371 417674
609342 919043
128235 194537
690786 394292
994961 99097
797582 349694
369012 893148
825149 836041
593492 199120
545262 675439
374965 470175
318507 106603
853593 646664
131516 806175
736472 333690
192170 292304
476714 817594
763403 465380
338174 897023
794925 449659
171041 36218
434422 757715
848109 52466
941904 120230
200727 922579
852176 715089
376838 971972
766492 872870
442571 181612
348875 39365
650990 846589
419594 284791
423542 93824
523225 584384
765792 951089
977385 602757
765285 985484
427525 132063
249403 716957
479915 881235
567715 329421
344209 531865
62557 14971
110292 821772
967583 469039
86080 380238
760338 375104
692175 913922
290068 888311
518561 334888
56907 475224
162276 918999
682824 160502
291191 744789
546058 962071
833086 552357
860339 344582
770119 391107
103649 945840
462757 560264
806961 792026
273268 22215
90265 155340
469983 340995
805690 100205
873867 593487
225620 99819
814445 226714
768172 982410
530319 640153
672821 895042
297429 269533
172376 324338
50900 731811
826692 324801
20969 729260
567737 24472
974829 863885
602903 651718
381680 567468
16164 266058
645031 917364
21412 607563
917788 182585
103758 456041
250157 444613
841943 514877
419353 435197
276950 485574
841672 576669
785759 204747
355757 497325
5649 18193
848164 347357
351680 957609
909302 292805
408416 442507
253154 424674
532081 574026
135672 368955
960694 18296
14637 64994
402908 275312
779497 399493
123326 894483
442172 958036
447284 382304
646707 752901
401607 795633
767725 38061
667755 730705
951356 526574
807645 901071
811036 881321
690917 973754
697828 78197
852715 408841
2438 466486
607050 142588
296740 810791
430445 126648
368056 291628
743634 364549
798700 659778
132114 34537
476786 157614
755832 531802
306279 985312
369733 632871
456684 671669
413196 46156
183291 980603
406447 961596
945376 393375
454437 561222
585519 819898
227981 554854
763275 658777
999867 55729
470622 401089
782272 711209
10191 626112
909145 431635
967989 868268
837037 45405
156721 626286
774128 186362
110756 72189
388086 228445
771275 797912
786813 344380
562078 818677
833996 49771
916048 150711
989814 844298
62647 491322
374191 330022
518970 388998
96928 765920
655107 548188
773929 69824
920252 930442
167054 538535
898090 727829
232574 803442
451309 477179
782632 471666
744931 655117
22956 522186
779890 960081
641067 657795
582546 268058
99357 264500
661302 304427
777551 709493
285527 158853
187830 338407
852401 372963
260394 156137
990857 206254
648975 934981
425463 419428
617923 490974
541769 895266
797331 986067
559283 383208
337892 712646
106585 845059
586682 469696
391253 89125
678187 727511
677808 472942
789181 471468
972722 795448
148757 814167
693907 822316
373241 706817
74754 169722
23906 84316
694189 360964
453517 994860
167849 10344
974340 689102
391191 911815
799725 203918
918383 921404
435578 624377
872333 422320
283845 944586
488247 53723
86383 252953
474854 858786
308619 867466
724772 193534
194402 538281
493824 217874
517623 544214
440356 194438
957198 32000
811431 212371
348146 700625
376256 610388
789549 517105
536193 901510
169219 841569
28963 691627
855510 132063
532136 839864
198694 547472
639600 926388
363626 529960
734540 157579
950629 838626
364869 219283
522424 857765
524194 332682
637566 5282
381658 45538
941724 364200
246325 91727
209545 902728
49077 271296
969992 794162
883340 194769
675000 829466
812288 620097
618921 168112
748909 792125
322718 833738
860295 647713
878932 524458
274270 100311
585348 156450
398010 660723
305160 492611
504649 432498
404092 577003
894657 212389
385543 694152
234500 359239
874661 873597
788705 26677
831769 226485
299726 24678
259850 308772
794052 612891
587192 67643
96362 243066
546617 802837
654097 231381
517700 165516
390970 56324
509378 331547
314377 386702
119654 747008
222446 42198
692087 819185
908235 950294
350329 153932
184932 126224
218711 398126
935123 558638
196291 701844
392050 196900
486648 923060
528925 150810
972538 122911
900114 786600
723885 948226
877470 21061
482929 832706
446064 505263
232621 569635
261747 899952
581669 505876
179139 915077
584799 473408
919056 811702
785992 561446
146120 482488
962092 246396
423604 486318
918746 183852
257010 68051
284027 322145
598713 495159
34892 105276
169993 5840
425449 728255
811052 652401
159916 990285
174097 589158
745655 492191
311330 491161
725397 156701
211290 813519
750331 596842
640982 860040
345021 285307
852626 544462
694590 989791
964099 173635
88597 160011
665092 536899
638355 797078
722562 134854
838272 840434
118861 297550
776541 827965
416299 839368
12806 757088
411121 679462
386040 947199
414913 378154
556252 338892
571554 803644
912284 84130
884029 140816
13460 90763
411403 907190
505006 673693
800924 465412
525316 347845
821969 983002
638485 770384
943733 699194
173587 710616
548310 498323
850173 437857
346645 860882
687695 66172
699634 530352
989388 648072
482608 407605
276479 544291
487363 886001
383736 968448
797782 66169
368491 433516
515793 622513
432952 609485
159548 744681
192404 253628
225482 788160
893658 127726
969501 930237
237370 13920
23084 876084
199080 400123
598368 845009
760293 579126
433534 835848
615236 591758
830812 525213
846927 666939
852974 951119
791308 641725
339936 567994
243454 419347
967360 770778
916876 885411
813863 734234
637545 934457
498230 855812
125025 212202
174889 419132
764980 780440
975720 84134
825707 773142
467049 95889
844097 678329
764982 686615
487832 940956
585061 92831
693730 986248
87453 352525
53536 217554
69988 263617
926607 890292
254945 963468
783549 644426
401768 896220
621547 301441
972007 380136
846647 371033
585072 507166
847983 665808
554134 904087
110382 73201
514852 607247
533210 900984
256252 951646
242504 552167
77156 466308
995466 178224
955241 479704
366910 182085
319443 716782
824606 728679
721296 276003
880490 532004
97414 928638
777736 100248
700315 588417
809925 962712
852322 47297
790443 814516
358359 450079
541561 621056
169524 938271
208461 670178
731720 921549
917961 557997
697374 417117
869819 613762
773020 856311
606439 687598
551894 252532
867643 338407
996480 520609
724111 137383
743142 500947
377398 697936
807626 744613
406667 540030
882768 261568
278906 453517
645267 152061
955311 308219
273903 701825
476331 726471
111497 223481
710063 626182
403848 558215
900267 585209
713906 539304
148695 561831
458467 18553
923565 527702
2501 591832
823731 473474
3438 99036
270500 532456
471866 624707
55024 801738
664194 524088
518057 348881
914138 536781
585039 18836
91874 961223
986286 902722
268403 342350
179006 344507
579661 85283
138683 523337
625052 250273
659679 406775
242134 557853
885099 310954
45498 496139
61813 503462
888685 524646
14673 19968
299478 717711
179848 723566
557821 9006
407429 149482
8237 269607
549082 598981
683373 303620
843373 457291
412134 694620
346514 662928
164703 383549
331939 918139
587844 720444
459755 873823
932242 969570
661658 434984
12029 475463
405802 368719
386996 946704
192343 901806
371586 845923
716639 657827
997520 936419
324938 870223
893160 502958
280078 814507
770510 380654
127015 439383
524134 39821
462031 930160
912788 365391
510443 760454
404215 846927
605929 621265
175728 560998
526866 147634
256370 96887
54406 476775
900123 208087
705257 745225
9122 288722
859814 75311
149891 462249
786613 800356
637579 506716
843804 273679
389904 421020
910671 461944
631072 430874
669486 28203
303823 501786
362960 203393
695219 599243
500381 639081
107605 891222
529111 931835
36182 113025
226346 742693
751896 744373
114010 834645
702679 599513
180823 185539
270069 191179
177515 420426
203191 764908
253639 167480
518877 726632
802380 787474
878342 643690
751203 211455
499857 799495
544902 260747
606913 108022
199351 995806
199523 660248
665704 297700
276351 502085
576166 844195
860025 793608
926139 234089
115194 956261
878753 411868
183712 881975
264138 962985
281550 528781
955421 524978
869391 199191
138665 825469
968104 500498
485707 905818
750475 879247
583780 387878
627187 984211
465870 70035
659906 106848
929270 243183
27415 144322
269343 924594
525630 676057
926571 445454
260138 803068
935471 811179
911461 851035
674240 351831
642475 549247
847186 839879
340386 207390
591306 664990
825470 923409
248279 593553
412261 829889
177985 459980
465507 726465
647718 195181
326757 454841
858629 498202
330105 27438
100217 499727
541737 835734
486659 955031
780906 723282
309478 312554
838422 712323
987503 647265
419018 612676
249128 309760
20633 679689
289940 309522
806751 147363
70532 215614
574754 930729
755650 623536
876490 511955
608949 455648
532020 756877
55088 717206
12673 169532
368264 570329
152474 500748
427063 357859
435585 284887
540495 231539
113965 9470
123661 336758
229719 584490
431330 791103
465444 144456
356798 661707
868906 758927
866035 32949
721281 728371
34396 305544
565325 189437
409081 250527
290683 467815
946024 923237
740156 142952
620879 941643
690867 406662
401855 109722
528688 409307
830330 382499
215771 512216
896770 761459
464562 490943
946044 110754
902962 207258
493504 505223
909191 432993
161420 557194
572178 964305
112742 790383
874778 85170
468517 99170
286661 557156
641402 213790
636506 502707
899777 393341
666565 907467
35063 210716
992236 264949
198331 686977
559583 106793
819553 450268
227656 96446
679807 143429
152853 822988
456158 59543
590982 485507
857823 79910
670690 703404
138140 415769
699595 722222
513685 830564
811236 785747
529486 627881
272311 456525
455513 300465
443968 53758
527293 451770
149517 445140
442955 958935
633763 101894
454758 68421
679258 685738
774787 234416
1455 15132
337843 986497
35208 770311
825197 215233
306547 115098
541177 554083
740637 803462
293539 207694
705466 118705
296325 340983
748880 89077
672676 191870
813840 737967
983550 519421
38695 57415
227915 831594
839172 815302
461429 160116
470463 784832
794918 121397
170800 372168
931965 850028
367543 443445
760932 23743
559086 277518
378826 414413
99169 605554
593771 207626
864843 685282
565112 38928
439336 981203
86695 758126
227984 223842
356464 655429
15797 349962
37700 757399
913125 418629
145467 713135
445917 981080
191758 856463
938309 762911
54289 755203
44920 842939
357328 832916
273672 176008
198643 262875
109252 476882
17640 873627
370201 606433
933411 195860
541645 360692
726336 301023
223568 476067
336925 384466
376628 741335
1811 292519
240533 657397
68337 515870
28226 167413
495219 532048
886584 924078
17320 505286
219174 710732
858441 617562
546725 113334
108871 629650
135356 66081
718837 491901
332736 721083
881531 650626
836047 491085
882224 438213
737671 659685
992424 575622
371925 684812
650022 847627
255018 188494
851707 763180
77937 953313
209202 900726
967746 863211
241504 42956
185203 948781
137187 276247
664461 53508
570573 146441
562491 934851
681229 451129
286033 174454
606473 645672
630933 922915
658114 438435
708453 846794
92935 631612
282723 235151
536302 932114
461869 950314
164671 766064
628458 744580
685070 171388
927848 690427
364871 738335
24029 304789
486472 803836
564486 622930
598344 468341
102852 533834
8567 778368
344672 176454
956716 606146
26154 872045
194501 478899
802451 144939
895627 669652
411810 841147
653801 416986
692926 864238
549787 302884
219266 243152
963779 863553
430718 847047
502450 205257
462136 136140
582827 422662
511577 919275
786735 986335
246142 352603
199674 232259
619207 848330
160294 782280
901830 84129
163320 149010
431666 820005
193749 824430
280508 141954
338173 661479
932845 490058
13140 811340
399400 155435
680152 344410
200241 381773
428580 82273
827819 561118
316933 375449
73840 643718
340065 424683
455001 237705
135 179944
610330 934013
571341 317552
526828 357589
377208 195567
623458 6850
176375 882708
849202 437210
769202 127364
911830 622643
857267 99996
381938 341390
651071 546042
914521 199959
825699 891195
192473 294276
390268 433771
495148 563651
759476 991595
70643 708795
274168 692011
568043 556536
627647 292624
236116 88233
460496 633278
14731 886304
696916 580700
978205 543155
638740 810257
859411 944939
37669 477020
283568 390126
559954 363850
31368 593556
426177 599175
477961 802167
631175 144940
308539 508852
888301 826624
708825 237145
901284 620662
450719 677149
708305 66624
163292 281225
731544 144613
816505 902044
438155 550061
829457 58364
466574 621214
190425 261563
662248 175797
649383 798343
819194 601990
761478 2082
147430 60834
733207 13990
300505 22312
951530 686211
941835 222543
786632 29766
872264 640535
976449 577442
752525 24834
117967 816769
529724 586750
47458 313148
777176 432756
960330 607868
624015 725874
143678 295270
719113 177055
215720 567207
36987 718209
158416 308890
282482 195415
37922 785270
125086 905276
352780 214207
816368 474051
206591 537085
251774 892346
827838 289445
849055 149594
447229 403733
172498 539684
399028 725725
320496 76475
33235 25415
478516 431435
364079 635272
875232 354642
176627 848619
446819 848737
93028 413357
492627 659580
699581 691339
188645 113889
125444 641121
222522 336736
2842 559308
915145 843665
389179 741795
372840 916303
613983 990596
828158 552385
761735 813811
87293 882236
197612 83865
106845 213592
777210 480056
39285 237439
256150 338664
718585 703041
946027 51242
805650 877791
61358 185538
237316 690535
116178 764890
436423 991918
229765 123744
74449 403089
774015 365786
513088 985539
862249 143751
325235 459721
566676 808034
445046 109429
949566 687463
952327 142600
693077 993581
934886 897622
246288 48714
401937 813311
697391 850025
606596 543521
948175 39448
869134 587530
601078 497377
679354 74588
116603 979891
274528 447230
364812 699591
579008 550520
125343 254713
628729 709514
27319 574289
365917 810037
407422 966866
258228 529856
666985 610885
972880 911166
991931 890298
631018 95247
232869 133534
147638 278196
745734 451263
769820 734673
898434 905834
572440 446988
303771 805921
688053 148938
612812 77981
816679 40416
13927 404410
42817 780328
682482 83808
462451 698474
942817 551022
857539 209656
423791 325487
315795 228744
32807 435814
157383 951060
181508 160072
957918 997779
371134 134539
531003 70595
245642 645718
7725 863325
213042 90227
78435 688388
284830 816628
94549 240290
516664 280832
358555 380885
146157 507479
355574 587889
746557 319945
208264 666977
693816 656553
206490 181634
720903 38201
899603 849073
213421 442685
494156 335421
975341 270927
964212 293648
845706 878757
883727 413852
402072 793863
760486 654511
964879 940804
766531 145988
918553 827604
589035 795573
487486 385559
546022 125823
316448 55094
134973 239410
371450 707506
780693 275939
886905 696716
482351 321714
354195 646274
495095 440587
863354 390417
325599 788841
923663 537939
366649 489519
798814 438175
181843 362120
864636 85074
245549 312246
40659 246637
704080 631379
325179 177458
65739 503050
25016 222757
441746 620160
327730 823184
846181 857726
568713 91363
967 584033
7316 693675
327484 748992
751790 772543
230277 824070
565304 570005
81532 524439
788058 748614
653637 902410
361324 911415
261534 55551
780985 875486
712903 89749
613386 738213
337270 671421
69591 60416
274005 703661
597040 750217
495295 987111
736470 150434
246023 309808
932450 721427
250912 732963
99322 925416
243334 318217
942378 441408
319923 490203
569474 90746
457266 662605
91716 108685
34835 338895
931483 137577
784714 760578
997907 827883
666425 870491
33673 967264
690995 92361
248275 660911
316306 29781
569009 643519
7178 167900
746329 197674
868997 688587
45132 237651
242593 203807
921356 844097
14028 790208
648061 214754
105701 101208
393322 596802
842092 266223
714284 113236
912052 932274
542175 643699
735122 193947
668866 95648
441521 149696
562157 732924
676589 577053
475580 361202
198735 605548
398841 908996
213176 323783
591657 581795
219419 581894
906891 444333
887499 365616
150672 594538
480017 923680
461494 987615
884158 227153
93807 724759
708490 289563
122707 966363
733181 884997
647138 121012
604027 419045
102230 536089
137964 877125
296046 670118
65291 614473
748917 80346
211615 509926
659909 321492
637010 938312
613024 963924
680818 697276
436572 186822
552513 118920
59421 603596
505173 511147
980972 495331
934106 862218
976714 821096
295655 729525
750538 429427
761336 688987
222035 856556
362641 517726
869501 87357
13648 241868
442255 801576
278930 312471
265831 879576
908971 349894
573968 847128
307748 406714
454776 110940
620617 385123
971933 939255
119674 319202
471047 966893
646728 115571
269720 996066
713659 282822
6987 867314
122789 292859
988255 518747
501727 732514
562624 386839
451815 509251
610721 341227
551451 257844
591630 415363
120447 720170
122806 662623
149747 225037
947837 544017
4686 71984
43865 374668
466252 423232
680863 776616
487027 442801
883819 490966
120853 23556
839394 298071
466918 514520
410730 528193
407334 161779
837305 969357
939255 50018
28235 313850
883356 814037
883011 178229
70806 802972
855775 179375
767602 967633
910563 363512
167455 12702
405506 3073
268039 297727
205295 423270
459462 923600
988867 762183
979170 787691
718190 240259
230375 231050
398751 876909
290532 120737
883583 168424
60080 232213
777200 718875
144654 206674
467289 948902
946688 646014
933224 166472
881315 650533
88836 116410
567883 889553
806598 454969
541704 961311
671295 770804
786414 352905
903580 497991
781042 753949
251983 146974
385303 392963
748006 443174
362668 456185
151517 829753
61128 448425
546044 445684
459178 71502
183294 151117
931081 171602
592350 771561
795903 797213
330621 224167
477665 944986
448826 634727
935064 611146
627115 941292
325078 152051
570839 274545
923412 723795
634402 852578
720979 693659
823355 975937
638016 688128
22625 131157
461364 503391
434128 462063
574304 619885
93219 447201
880527 747962
394386 517840
336722 209174
182352 391513
711358 132310
97179 412109
904997 110826
948422 934066
168222 707136
180099 9877
570738 286414
805197 983021
50531 63465
900199 882040
339493 649587
388226 90485
310096 20956
561792 405927
382849 266238
842316 800346
260468 288670
493477 461936
748626 745507
250110 411193
438111 533354
593270 318557
76978 46876
520361 562164
386338 891315
710036 175640
926250 144577
231285 525977
172145 288915
186824 342581
440144 628185
426385 26647
874691 908745
431105 951210
128736 894758
752938 950141
759672 317090
600581 605330
824381 728345
781425 118171
160836 47432
557929 63023
94782 271940
680406 798901
786325 190431
175012 664302
407512 988553
8144 444836
306950 736390
861894 821168
917531 761368
207180 168798
592205 748413
99042 154433
903467 63477
26839 541277
763368 928292
375582 624415
988137 70623
110543 593969
382715 211090
420360 89935
227322 807738
921624 633374
244633 68689
822261 94781
404097 95475
286616 831966
293070 170576
617561 244023
292490 330567
998179 843430
754767 558711
19347 231038
238902 936023
50588 375384
641521 500934
429872 75498
59425 178999
602460 205532
699399 46741
840523 153664
82951 301461
641404 34650
292960 716054
327508 246375
612261 978566
408754 577227
655217 821727
980145 538291
758584 248259
278944 339030
225946 199676
943191 138495
217750 950323
795743 349206
25325 556220
279827 33230
773673 1160
957120 229823
152138 809610
77796 854486
890588 561147
467899 241116
851560 966582
202156 272324
753008 652565
22544 942788
